       0.0  134.90   19.50  925.00   51.00
   21600.0  133.70   19.90  930.00   48.00
   43200.0  132.60   20.00  930.00   48.00
   64800.0  131.50   20.10  938.00   45.00
   86400.0  130.20   20.40  938.00   45.00
  108000.0  129.30   20.80  930.00   48.00
  129600.0  128.00   21.20  930.00   48.00
  151200.0  126.80   21.50  930.00   48.00
  172800.0  125.70   21.90  930.00   48.00
  194400.0  124.80   22.40  930.00   48.00
  216000.0  123.80   22.90  930.00   48.00
  237600.0  122.60   23.70  930.00   48.00
  259200.0  120.40   23.70  940.00   45.00
  280800.0  119.80   23.80  960.00   38.00
  302400.0  119.70   25.00  960.00   38.00
  324000.0  118.20   25.70  970.00   33.00
  345600.0  117.50   25.90  985.00   25.00
